X	Feature Profile 1
0	696
42.5231390785	693
72.5916390786	692
115.114919579	691
145.183419579	690
187.706629369	690
230.229839158	688
260.298339159	687
290.366839159	687
320.43533916	687
350.503739159	687
393.02701966	687
435.550300159	685
478.07358066	684
520.596719739	681
550.665219739	681
580.733719739	681
610.802219739	679
640.870719738	680
683.393929528	680
725.917210028	677
755.985710028	677
798.508919818	677
828.577419817	677
858.645919818	676
901.169129607	676
931.237529608	675
961.306029608	675
991.374529607	673
1021.44302961	674
1063.96616869	674
1106.48944919	674
1149.01272969	675
1191.53601019	674
1221.60451019	674
1264.12771998	674
1306.65100048	674
1349.17428098	672
1379.24268098	671
1409.31118098	669
1451.83446148	670
1494.35767127	671
1536.88088106	671
1566.94938106	671
1597.01788106	671
1627.08638106	670
1669.60959085	670
1699.67809085	671
1729.74659085	671
1772.26987135	669
1802.33837135	667
1832.40677135	666
1862.47527135	666
1892.54377135	664
1922.61227135	664
1965.13541042	667
2007.65869093	669
2050.18197143	669
2080.25047143	668
2110.31887143	665
2140.38737143	665
2170.45587143	662
2200.52437143	663
2230.59277143	665
2260.66127143	667
2290.72977143	667
2320.79827143	665
2363.32148122	665
2405.844691	668
2448.3679715	668
2490.89125201	665
2520.95965201	665
2551.02815201	664
2581.09665201	664
2611.165152	665
2641.233652	665
2671.30205201	663
2701.37055201	662
2731.43905201	662
2761.50755201	662
2804.03076179	662
2846.55397158	663
2889.07725208	663
2931.60053259	661
2961.66903258	659
2991.73753259	660
3021.80593258	662
3051.87443259	662
3094.39764237	659
3124.46614237	657
3154.53454237	656
3197.05775216	658
3239.58103266	659
3282.10431316	659
3312.17271316	659
3342.24121316	658
3372.30971316	658
3402.37821316	659
3432.44661316	659
3462.51511316	658
3492.58361316	657
3522.65211316	657
3552.72051316	657
3582.78901316	656
3612.85751316	658
3655.38079366	658
3685.44919366	657
3715.51769367	654
3745.58619366	654
3775.65469366	655
3805.72319366	653
3835.79159366	652
3865.86009366	653
3895.92859366	654
3938.45187416	653
3980.97508395	652
4023.49836445	654
4066.02157424	653
4108.54485474	653
4151.06806453	653
4181.13656453	653
4211.20506453	654
4241.27356453	654
4271.34196453	654
4313.86524503	651
4343.93374503	650
4374.00224503	651
4416.52538411	651
4459.0485939	649
4489.1170939	648
4519.1855939	648
4549.2540939	648
4579.3224939	648
4621.84570369	648
4651.91420369	647
4694.43741348	644
4724.50581348	647
4754.57431348	647
4784.64281348	647
4827.16609398	646
4857.23449398	647
4887.30299398	645
4917.37149398	645
4959.89477448	645
4989.96317448	645
5020.03167448	644
5062.55488427	644
5105.07816477	644
5135.14656477	645
5177.66984527	645
5207.73824527	645
5250.26152577	643
5292.78480627	645
5335.30808677	645
5365.37648677	644
5395.44498677	644
5437.96826727	645
5480.49154778	645
5523.01475756	642
5553.08325756	642
5595.60646735	641
5625.67496735	642
5668.19817714	642
5710.72145764	642
5753.24473814	642
5795.76794793	641
5825.83644793	641
5868.35965772	641
5898.42815772	641
5928.49665772	640
5958.56515772	639
5988.63355772	639
6018.70205772	640
6048.77055772	639
6078.83905772	638
6108.90745772	638
6138.97595772	637
6169.04445772	637
6199.11295772	639
6229.18145772	641
6259.24985772	641
6289.31835772	640
6319.38685772	639
6349.45535772	639
6391.97856751	640
6434.50184801	638
6464.57034801	641
6494.63884801	641
6524.70724801	641
6567.23052851	641
6597.29902851	640
6627.36752851	640
6669.8907383	641
6699.9592383	641
6730.0277383	641
6760.0962383	640
6790.1646383	640
6820.2331383	640
6862.7564188	641
6905.2796993	641
6947.80290909	641
6977.87130909	640
7007.93980909	638
7038.00830909	640
7068.07680909	640
7110.60001888	640
7140.66851888	637
7170.73701888	637
7200.80551888	636
7230.87401888	637
7260.94241888	637
7303.46569938	636
7333.53419938	635
7363.60269938	634
7393.67109938	636
7423.73959938	638
7466.26280917	637
7508.78608967	634
7551.30929946	635
7593.83257996	638
7636.35578975	636
7666.42428975	637
7708.94757025	637
7739.01597025	637
7769.08447025	637
7799.15297025	636
7829.22147025	637
7871.74468004	635
7914.26796054	637
7956.79117033	637
7999.31445083	635
8029.38285083	633
8059.45135083	634
8101.97463133	635
8144.49791183	634
8174.56631183	633
8217.08952162	633
8259.61280212	632
8289.68130212	631
8319.74970212	631
8349.81820212	632
8392.34148262	632
8434.86469241	632
8477.3879022	632
8519.9111827	633
8562.4344632	632
8592.5029632	632
8635.0262437	632
8677.54945349	629
8720.07273399	628
8750.14123399	627
8780.20973399	628
8822.73294378	627
8852.80144378	625
8882.86994378	624
8912.93844378	623
8943.00684378	622
8985.53012428	624
9028.05333407	625
9070.57661457	626
9113.09982436	626
9143.16832436	625
9173.23682436	624
9203.30532436	623
9233.37372436	623
9275.89700486	621
9318.42028536	622
9360.94349515	624
9403.46677565	624
9445.98998544	622
9488.51326594	623
9531.03647573	626
9573.55975623	625
9603.62815623	625
9633.69665623	626
9676.21993673	626
9718.74321723	623
9761.26635631	620
9791.33485631	619
9833.85813681	620
9863.92663681	620
9906.4498466	619
9948.9731271	618
9979.0416271	617
10021.5648369	616
10051.6332369	616
10081.7017369	616
10111.7702369	616
10141.8387369	615
10171.9071369	615
10201.9756369	616
10232.0441369	615
10262.1126369	614
10304.6359174	613
10347.1591272	614
10389.6824077	614
10419.7509077	614
10449.8194077	614
10479.8878077	613
10509.9563077	613
10540.0248077	611
10582.5480175	612
10625.0712273	613
10655.1397273	612
10685.2082273	609
10715.2767273	609
10745.3451273	609
10775.4136273	610
10817.9369078	611
10848.0054078	611
10890.5286175	611
10933.0518273	612
10975.5751078	610
11005.6436078	609
11048.1668883	609
11090.6900981	609
11120.7585981	607
11150.8270981	607
11193.3503786	606
11235.8735177	608
11278.3967982	607
11308.4652982	605
11338.5337982	603
11368.6021982	603
11398.6706982	604
11428.7391982	604
11471.2624787	605
11513.7856885	606
11556.3088983	607
11598.8321788	606
11628.9006788	605
11658.9690788	603
11701.4923593	604
11744.0155691	601
11774.0840691	599
11816.6072789	599
11859.1304887	599
11901.6537692	603
11944.1770497	601
11986.7002594	599
12016.7687594	598
12046.8372594	598
12089.3604692	597
12119.4288692	596
12149.4973692	597
12192.020579	594
12222.089079	593
12252.157579	593
12282.225979	592
12312.294479	591
12342.362979	590
12372.431479	590
12402.499979	589
12432.568479	589
12462.636879	589
12492.705379	588
12522.773879	589
12565.2971595	587
12595.3655595	587
12625.4340595	589
12667.95734	589
12698.02584	587
12728.09424	587
12758.16274	586
12788.23124	584
12830.7545205	580
12873.2777303	584
12915.8010108	585
12945.8695108	586
12988.3927913	582
13030.9160011	583
13073.4392109	587
13115.9624914	584
13146.0309914	584
13176.0994914	583
13218.6227012	578
13248.6912012	578
13291.214411	578
13321.282911	576
13351.351411	575
13393.8746208	575
13436.3979013	576
13466.4663013	576
13508.9895818	576
13551.5128623	573
13581.5813623	571
13611.6497623	568
13641.7182623	567
13671.7867623	567
13714.3099721	567
13756.8331818	568
13799.3564623	569
13841.8797428	567
13871.9482428	563
13902.0166428	563
13932.0851428	564
13962.1536428	561
13992.2221428	561
14034.7453526	562
14064.8138526	562
14094.8823526	562
14137.4056331	562
14167.4741331	562
14209.9973429	561
14240.0657429	561
14270.1342429	561
14300.2027429	561
14330.2712429	559
14360.3396429	559
14390.4081429	560
14420.4766429	561
14450.5451429	561
14480.6135429	561
14510.6820429	561
14553.2053234	561
14583.2738234	561
14625.7970332	561
14655.8655332	561
14685.9340332	559
14716.0025332	557
14746.0710332	555
14776.1395332	555
14806.2079332	557
14848.731143	557
14878.799643	558
14921.3229235	556
14963.846204	556
15006.3694138	555
15036.4379138	554
15066.5063138	554
15096.5748138	554
15126.6433138	556
15169.1665943	556
15199.2349943	556
15229.3034943	556
15271.8267748	556
15301.8952748	554
15331.9636748	550
15374.4869553	554
15417.0101651	556
15447.0786651	555
15489.6018749	555
15532.1251554	555
15574.6484359	556
15617.1716457	556
15647.2401457	552
15677.3086457	550
15707.3771457	549
15737.4455457	552
15767.5140457	553
15797.5825457	552
15827.6510457	550
15857.7194457	549
15887.7879457	550
15917.8564457	553
15947.9249457	554
15977.9933457	554
16020.5165555	555
16063.039836	555
16093.108336	556
16135.6316165	553
16165.7001165	552
16195.7685165	550
16238.291797	549
16280.8150067	552
16323.3382872	551
16353.4066872	551
16383.4751872	552
16413.5436872	552
16443.6121872	551
16486.135397	552
16528.6586068	552
16558.7271068	552
16601.2503166	550
16631.3187166	549
16661.3872166	550
16691.4557166	550
16721.5242166	549
16751.5927166	549
16781.6612166	549
16824.1844264	549
16866.7076362	546
16896.7761362	545
16926.8446362	545
16956.9131362	545
16986.9815362	547
17017.0500362	546
17059.5733167	546
17102.0965972	546
17144.6197363	542
17174.6882363	545
17204.7567363	546
17234.8252363	546
17264.8936363	546
17307.4168461	545
17337.4853461	545
17380.0085559	545
17410.0770559	545
17440.1454559	545
17470.2139559	545
17512.7371656	542
17542.8056656	542
17572.8740656	542
17602.9425656	542
17633.0110656	543
17675.5342754	544
17718.0574852	542
17760.5807657	540
17803.1040462	542
17833.1725462	543
17875.695756	540
17918.2189658	542
17960.7422463	543
17990.8107463	542
18020.8792463	541
18050.9476463	540
18081.0161463	539
18111.0846463	539
18141.1531463	541
18183.6763561	540
18226.1995659	543
18268.7228464	540
18298.7913464	539
18328.8597464	540
18358.9282464	540
18401.4515269	538
18431.5200269	537
18474.0432367	537
18516.5665172	537
18559.0897977	537
18589.1581977	536
18631.6814782	535
18674.2047587	537
18716.7279685	536
18759.251249	537
18801.7744588	537
18844.2977393	537
18874.3661392	537
18904.4346393	536
18934.5031392	536
18964.5716393	536
18994.6400393	534
19037.1633198	535
19079.6866003	534
19122.20981	533
19164.7330198	534
19194.8015198	535
19224.8700198	535
19267.3933003	534
19297.4617003	534
19327.5302003	532
19357.5987003	532
19387.6672003	534
19430.1904808	532
19460.2588808	535
19502.7820906	533
19532.8505906	534
19562.9190906	535
19605.4422297	535
19647.9655102	532
19678.0340102	532
19720.5572907	532
19750.6256907	531
19780.6941907	531
19810.7626907	530
19840.8311907	531
19883.3543298	533
19913.4228298	532
19943.4913298	531
19973.5598298	531
20016.0830396	530
20058.6063201	530
20101.1296006	532
20143.6528104	530
20173.7213104	527
20216.2445201	527
20258.7678006	528
20288.8363006	528
20318.9047006	528
20348.9732006	527
20379.0417006	526
20409.1102006	526
20439.1786006	526
20469.2471006	528
20499.3156006	529
20529.3841006	528
20571.9073811	528
20601.9757811	528
20644.4989909	528
20687.0222714	527
20717.0907714	526
20759.6140519	525
20789.6825519	524
20819.7509519	524
20849.8194519	523
20879.8879519	524
20922.4111617	524
20952.4795617	524
20995.0028422	526
21025.0713422	526
21055.1398422	525
21097.663052	526
21140.1862618	524
21170.2547618	524
21200.3232618	523
21230.3916618	523
21260.4601618	524
21290.5286618	524
21320.5971618	523
21350.6656618	523
21393.1888009	522
21423.2573009	524
21465.7805107	524
21508.3037912	524
21550.827001	523
21593.3502815	521
21623.4187815	522
21653.4871815	522
21683.5556815	523
21726.078962	524
21768.6022425	524
21811.1253815	524
21853.648662	523
21883.717162	523
21926.2404425	523
21956.3089425	523
21986.3773425	523
22016.4458425	523
22046.5143425	521
22076.5827425	522
22119.106023	521
22161.6293035	522
22191.6978035	521
22221.7662035	520
22264.289484	520
22306.8127645	519
22349.336045	520
22391.8592548	519
22421.9277548	518
22451.9961548	519
22482.0646548	519
22512.1331548	519
22542.2016548	518
22572.2701548	518
22602.3385548	516
22632.4070548	514
22662.4755548	514
22692.5440548	518
22735.0672646	520
22777.5905451	520
22820.1138256	518
22862.6371061	518
22892.7055061	518
22922.7740061	517
22952.8425061	513
22982.9110061	512
23012.9794061	513
23043.0479061	515
23073.1164061	514
23103.1849061	511
23133.2533061	510
23163.3218061	514
23193.3903061	516
23223.4588061	517
23253.5272061	517
23283.5957061	515
23326.1189159	512
23368.6421964	517
23411.1654769	516
23441.2339769	518
23471.3023769	515
23501.3708769	512
23531.4393769	511
23561.5078769	512
23604.031016	510
23646.5542965	514
23689.077577	517
23731.6008575	518
23774.1239966	518
23804.1924966	514
23834.2609966	515
23864.3294966	516
23906.8527064	517
23949.3759869	516
23979.4444869	514
24009.5129869	511
24052.0361967	512
24094.5594772	515
24137.0826869	517
24179.6059674	518
24222.1291772	517
24252.1976772	514
24294.720887	514
24337.2441675	514
24367.3126675	506
24397.3811675	503
24439.9043773	506
24482.4276578	513
24524.9508676	514
24567.4741481	514
24597.5426481	514
24627.6111481	514
24657.6795481	513
24687.7480481	510
24717.8165481	511
24747.8850481	512
24777.9534481	511
24808.0219481	508
24838.0904481	510
24868.1589481	510
24898.2273481	509
24928.2958481	511
24958.3643481	514
24988.4328481	514
25018.5012481	512
25048.5697481	511
25078.6382481	514
25108.7067481	514
25151.2298872	514
25181.2983872	513
25223.8216677	510
25266.3449482	508
25308.8682287	510
25351.3914385	514
25393.9146483	514
25423.9831483	514
25454.0516483	511
25484.1200483	508
25514.1885483	503
25544.2570483	502
25574.3255483	503
25604.3939483	504
25634.4624483	503
25664.5309483	503
25694.5994483	501
25724.6678483	503
25767.1911288	503
25809.7144093	500
25839.7829093	505
25882.3061191	503
25924.8293288	503
25967.3526093	502
26009.8758898	498
26052.3991703	499
26094.9223094	498
26137.4455899	499
26179.9688704	503
26222.4921509	502
26252.5605509	501
26282.6290509	504
26325.1522607	501
26355.2207607	502
26385.2891607	503
26415.3576607	503
26445.4261607	503
26475.4946607	502
26505.5630607	503
26535.6315607	502
26565.7000607	501
26595.7685607	502
26625.8369607	502
26655.9054607	501
26685.9739607	500
26716.0424607	501
26746.1109607	502
26776.1793607	505
26818.7026412	503
26848.7711412	503
26878.8396412	503
26908.9080412	499
26938.9765412	497
26969.0450412	498
27011.5683217	505
27054.0914608	501
27096.6147413	499
27139.1380218	502
27181.6613023	504
27224.1844414	503
27254.2529414	502
27284.3214414	498
27326.8446512	502
27369.367861	505
27399.436361	505
27429.504861	501
27459.573261	503
27489.641761	504
27519.710261	499
27549.778761	497
27579.847161	500
27609.915661	501
27639.984161	502
27682.5074415	503
27725.030722	505
27767.5539317	502
27810.0771415	503
27852.600422	503
27882.668922	501
27912.737422	498
27942.805922	498
27972.874322	500
28002.942822	498
28033.011322	497
28063.079822	497
28093.148222	495
28135.6715025	497
28178.1947123	497
28220.7179928	495
28250.7864928	497
28293.3097026	497
28335.8329124	497
28365.9014124	495
28395.9699124	496
28426.0384124	499
28468.5616222	499
28498.6301222	497
28528.6986222	497
28558.7671222	500
28588.8355222	500
28618.9040222	499
28661.4273027	497
28691.4958027	500
28734.0190125	500
28764.0874125	499
28794.1559125	499
28836.679193	498
28866.747693	498
28896.816093	495
28926.884593	492
28956.953093	496
28987.021593	496
29017.090093	490
29059.6133028	497
29102.1365833	498
29144.6597931	496
29187.1830736	493
29217.2515736	496
29247.3200736	498
29289.8432126	489
29332.3664931	489
29374.8897736	493
29417.4130541	494
29459.9361932	497
29502.4594737	499
29544.9827542	494
29587.5060347	494
29630.0291738	497
29672.5524543	498
29715.0757348	498
29745.1442348	498
29775.2126348	498
29805.2811348	489
29835.3496348	490
29877.8729153	492
29920.3961958	497
29950.4645958	499
29992.9878056	499
30023.0563056	497
30053.1248056	498
30095.6480154	497
30125.7165154	496
30155.7850154	493
30185.8535154	490
30228.3767252	485
30258.4452252	494
30300.9685057	488
30331.0370057	486
30361.1054057	485
30391.1739057	486
30421.2424057	490
30451.3109057	494
30493.8340447	495
30536.3572545	495
30566.4257545	490
30596.4942545	491
30626.5626545	494
30669.0858643	493
30699.1543643	494
30741.6775741	495
30784.2008546	494
30826.7240644	495
30869.2472742	492
30899.3157742	491
30929.3842742	492
30959.4526742	494
30989.5211742	494
31019.5896742	493
31049.6581742	492
31092.181384	494
31134.7046645	494
31164.7731645	493
31194.8416645	493
31224.9100645	492
31254.9785645	492
31285.0470645	490
31315.1155645	488
31357.6387743	487
31400.1619841	488
31442.6852646	488
31485.2085451	492
31527.7318256	492
31570.2549646	490
31612.7782451	491
31655.3015256	492
31697.8248061	493
31740.3479452	492
31770.4164452	491
31812.9397257	492
31843.0082257	491
31885.5314355	490
31928.054716	490
31970.5779965	492
32013.1012063	491
32043.1697063	490
32073.2382063	489
32103.3067063	491
32145.8298454	491
32175.8983454	490
32205.9668454	490
32248.4901259	490
32291.0133357	490
32321.0818357	490
32363.6050455	489
32406.128326	491
32448.6516065	490
32478.7200065	491
32508.7885065	490
32538.8570065	490
32568.9254065	490
32598.9939065	489
32629.0624065	487
32671.585687	488
32714.1089675	490
32756.6321065	488
32786.7006065	486
32816.7691065	485
32859.2923163	488
32901.8155968	486
32931.8839968	486
32961.9524968	488
33004.4757773	487
33034.5442773	486
33064.6126773	485
33094.6811773	485
33124.7496773	483
33167.2728871	481
33209.7960969	483
33252.3193774	485
33294.8426579	486
33324.9111579	486
33367.434297	484
33397.502797	485
33427.571297	484
33457.639797	485
33500.1630068	486
33542.6862873	484
33572.7547873	486
33615.2780678	486
33657.8012069	482
33700.3244874	485
33742.8477679	486
33785.3710484	482
33815.4394484	483
33845.5079484	484
33875.5764484	484
33905.6449484	483
33948.1682289	483
33978.2366289	482
34020.7598386	481
34063.2831191	483
34105.8063996	483
34148.3296094	482
34178.3981094	482
34220.9213192	481
34250.9898192	482
34293.513029	483
34323.581529	483
34353.650029	482
34383.718529	482
34413.786929	480
34443.855429	478
34473.923929	482
34516.4472095	483
34546.5156095	482
34576.5841095	483
34619.10739	483
34649.17589	483
34691.6991705	483
34734.2223803	479
34776.7455901	477
34819.2688706	479
34861.7921511	483
34904.3153609	483
34946.8385707	480
34976.9070707	482
35019.4303512	480
35049.4987512	481
35079.5672512	480
35109.6357512	482
35139.7042512	483
35169.7726512	483
35199.8411512	483
35242.3644317	480
35284.8877122	478
35327.4108513	478
35369.9341318	479
35412.4574123	481
35454.9806928	479
35485.0490928	481
35515.1175928	481
35557.6408733	480
35600.164083	476
35630.232583	476
35660.300983	476
35690.369483	479
35720.437983	483
35762.9612635	483
35793.0296635	483
35823.0981635	480
35853.1666635	477
35883.2351635	477
35913.3035635	476
35943.3720635	475
35973.4405635	477
36003.5090635	480
36033.5774635	483
36076.100744	480
36118.6240245	480
36148.6925245	483
36178.7609245	481
36208.8294245	479
36238.8979245	481
36268.9664245	481
36299.0349245	478
36329.1033245	478
36359.1718245	479
36401.695105	481
36444.2183855	480
36486.7415953	481
36529.2648051	481
36559.3333051	480
36589.4018051	478
36619.4702051	477
36649.5387051	477
36679.6072051	479
36709.6757051	477
36739.7441051	476
36769.8126051	473
36812.3358149	473
36854.8590954	476
36897.3823052	467
36927.4508052	472
36957.5192052	475
36987.5877052	476
37017.6562052	476
37047.7247052	475
37090.247915	471
37120.316415	476
37150.384915	476
37180.453415	475
37210.521815	472
37253.0450955	476
37295.5683053	475
37325.6368053	475
37368.1600151	474
37398.2285151	475
37428.2970151	474
37470.8202956	472
37513.3435054	474
37555.8667152	473
37585.9352152	471
37616.0037152	470
37646.0722152	472
37688.5953542	474
37718.6638542	474
37748.7323542	474
37778.8008542	475
37821.3239933	472
37851.3924933	471
37881.4609933	470
37911.5294933	471
37941.5978933	472
37971.6663933	474
38014.1896031	475
38056.7128836	474
38086.7812836	472
38116.8497836	474
38159.3730641	471
38189.4415641	469
38219.5099641	471
38262.0332446	473
38304.5564544	472
38347.0797349	471
38377.1482349	470
38407.2166349	471
38437.2851349	472
38467.3536349	469
38497.4221349	468
38539.9453447	470
38582.4686252	472
38624.9919057	465
38655.0604057	465
38697.5835448	465
38740.1068253	465
38782.6301058	465
38825.1533863	466
38867.6765253	465
38910.1998058	465
38940.2683058	465
38982.7915863	465
39012.8599863	465
39055.3832668	465
39085.4517668	465
39115.5202668	465
39158.0434059	465
39188.1119059	465
39218.1804059	465
39248.2489059	465
39278.3173059	465
39308.3858059	465
39338.4543059	465
39368.5228059	465
39398.5912059	465
39428.6597059	465
39458.7282059	465
39488.7967059	466
39518.8652059	466
39548.9336059	466
39579.0021059	462
39609.0706059	461
39639.1391059	462
39669.2075059	466
39699.2760059	465
39729.3445059	465
39759.4130059	465
39789.4814059	465
39819.5499059	465
39849.6184059	465
39892.1416864	465
39934.6648962	465
39977.1881767	465
40019.7114572	465
40062.234667	465
40104.7578768	465
40147.2811573	465
40189.8044378	465
40232.3276476	465
40262.3961476	465
40292.4646476	465
40322.5331476	465
40365.0563574	465
40395.1248574	465
40425.1933574	465
40455.2618574	465
40485.3302574	465
40515.3987574	465
40545.4672574	465
40575.5357574	465
40605.6041574	465
40635.6726574	465
40665.7411574	465
40695.8096574	465
40725.8780574	465
40755.9465574	465
40786.0150574	465
40816.0835574	465
40846.1520574	465
40876.2204574	465
40906.2889574	465
40936.3574574	465
40966.4259574	465
40996.4943574	465
41026.5628574	465
41056.6313574	465
41086.6998574	465
41116.7682574	466
41159.2915379	465
41189.3600379	465
41219.4285379	465
41249.4969379	465
41279.5654379	465
41309.6339379	465
41339.7024379	465
41369.7708379	465
41399.8393379	465
41429.9078379	465
41459.9763379	465
41490.0448379	465
41520.1132379	465
41550.1817379	465
41580.2502379	465
41610.3187379	465
41640.3871379	465
41670.4556379	465
41700.5241379	465
41730.5926379	465
41760.6610379	465
41790.7295379	465
41820.7980379	465
41850.8665379	465
41880.9349379	465
41911.0034379	465
41941.0719379	465
41971.1404379	465
42001.2088379	465
42031.2773379	465
42061.3458379	465
42091.4143379	465
42121.4828379	465
42151.5512379	465
42181.6197379	465
42211.6882379	465
42241.7567379	465
42271.8251379	465
42301.8936379	465
42331.9621379	465
42362.0306379	465
42392.0990379	465
42422.1675379	465
42452.2360379	465
42482.3045379	465
42512.3729379	465
42542.4414379	465
42572.5099379	465
42602.5784379	465
42632.6468379	465
42662.7153379	465
42692.7838379	465
42722.8523379	465
42752.9207379	465
42782.9892379	465
42813.0577379	465
42843.1262379	465
42873.1947379	465
42903.2631379	465
42933.3316379	465
42963.4001379	465
42993.4686379	465
43023.5370379	465
43053.6055379	465
43083.6740379	465
43113.7425379	465
43143.8109379	465
43173.8794379	465
43203.9479379	465
43234.0164379	465
43264.0848379	465
43294.1533379	465
43324.2218379	465
43354.2903379	465
43384.3587379	465
43414.4272379	465
43444.4957379	465
43474.5642379	465
43504.6327379	465
43534.7011379	465
43564.7696379	465
43594.8381379	465
43624.9066379	465
43654.9750379	465
43685.0435379	465
43715.1120379	465
43745.1805379	465
43775.2489379	465
43805.3174379	465
43835.3859379	465
43865.4544379	465
43895.5228379	465
43925.5913379	465
43955.6598379	465
43985.7283379	465
44015.7967379	465
44045.8652379	465
44075.9337379	465
44106.0022379	465
44136.0706379	465
44166.1391379	465
44196.2076379	465
44226.2761379	465
44256.3446379	465
44286.4130379	465
44316.4815379	465
44346.5500379	465
44376.6185379	465
44406.6869379	465
44436.7554379	465
44466.8239379	465
44496.8924379	465
44526.9608379	465
44557.0293379	465
44587.0978379	465
44617.1663379	465
44647.2347379	465
44677.3032379	465
44707.3717379	465
44737.4402379	465
44767.5086379	465
44797.5771379	465
44827.6456379	465
44857.7141379	465
44887.7826379	465
44917.8510379	465
44947.9195379	465
44977.9880379	465
45008.0565379	465
45050.5797477	465
45093.1030282	465
45135.6263087	465
45178.1495184	465
45220.6727282	465
45263.1960087	465
45305.7192892	465
45348.242499	465
45390.7657088	465
45433.2889893	465
45475.8122698	465
45518.3354796	465
45560.8586894	465
45603.3819699	465
45645.9052504	465
45688.4284602	465
45730.9517407	465
45773.4749505	465
45815.998231	465
45858.5214408	465
45901.0447213	465
45943.5679311	465
45986.0912116	465
46028.6144921	465
46071.1377018	465
46113.6609116	465
46156.1841921	465
46198.7074726	465
46241.2306824	466
46283.7538922	451
46313.8223922	447
46343.8908922	450
46373.9593922	455
46404.0277922	453
46434.0962922	451
46464.1647922	452
46494.2332922	454
46524.3016922	452
46554.3701922	454
46584.4386922	455
46614.5071922	453
46644.5756922	451
46674.6440922	452
46689.6773922	452

